142573024
27905053
21907215
21485538
19478218
17021040
5107766
4506129
1933284
1763709
1200662
1156776
1093371
947676
934603
839630
723319
666663
560967
533281
489812
475322
392358
353733
353239
326047
300074
231334
198153
178628
176605
174042
170808
162162
162054
159200
136040
130469
120223
115851
110697
107634
88768
86485
83949
81922
79459
79293
76224
71293
69921
68253
64906
60477
59515
59259
51887
50625
50414
49396
47397
45914
45241
45120
44178
44021
42157
40696
40176
37106
36785
36251
35302
34314
33635
33316
31460
31034
30445
29115
28305
27270
27147
25783
25746
25698
25171
24876
24683
24503
24380
23932
23913
23819
23520
23498
23354
22940
22604
22453
21921
21883
21565
21177
21147
20994
20763
20518
19958
19760
19524
18211
17516
17459
17072
17019
16631
16404
16252
15789
15660
14961
14793
14597
14285
14246
14179
13759
13750
13664
13640
13575
13455
13416
13185
13164
13157
13151
13142
13096
13045
13037
12747
12598
12168
12157
12024
12018
11993
11983
11753
11680
11260
11021
10541
10538
10162
10091
9865
9841
9666
9584
9394
9368
9110
8398
8346
8296
8007
8002
7722
7569
7557
7467
7314
7123
6936
6900
6840
6761
6698
6546
6515
6488
6294
6292
6265
6237
6193
6076
6044
6041
6000
5968
5952
5940
5891
5857
5832
5831
5807
5802
5772
5748
5698
5687
5641
5555
5538
5530
5498
5496
5477
5465
5463
5387
5383
5375
5365
5324
5316
5232
5195
5108
5104
5100
5098
5071
5061
5057
5054
5026
5000
4996
4994
4986
4933
4931
4917
4903
4900
4879
4865
4820
4785
4705
4701
4688
4684
4655
4641
4620
4581
4573
4521
4515
4471
4465
4436
4431
4424
4406
4400
4398
4395
4381
4378
4377
4370
4370
4368
4336
4310
4310
4295
4293
4289
4280
4272
4267
4231
4225
4222
4203
4201
4197
4187
4186
4183
4182
4174
4163
4150
4135
4089
4085
4072
4071
4070
4069
4059
4039
4037
4030
4013
4012
4006
3991
3984
3970
3964
3960
3944
3942
3941
3936
3924
3921
3913
3906
3871
3864
3858
3830
3818
3806
3806
3781
3775
3755
3746
3745
3737
3730
3717
3716
3713
3708
3692
3680
3665
3660
3648
3646
3638
3638
3622
3622
3614
3604
3603
3603
3602
3593
3593
3587
3583
3582
3574
3557
3554
3553
3553
3542
3527
3527
3525
3523
3502
3498
3498
3493
3490
3488
3484
3478
3478
3477
3473
3466
3466
3463
3462
3457
3454
3434
3431
3402
3396
3389
3386
3378
3374
3374
3373
3373
3367
3365
3352
3348
3347
3341
3316
3313
3310
3308
3302
3300
3299
3292
3286
3284
3277
3275
3268
3266
3262
3259
3259
3256
3254
3251
3239
3234
3223
3218
3213
3213
3211
3209
3206
3201
3201
3197
3196
3195
3195
3190
3185
3179
3175
3174
3173
3171
3162
3157
3156
3144
3141
3132
3129
3127
3123
3123
3120
3118
3102
3100
3100
3089
3085
3080
3079
3077
3076
3073
3073
3067
3065
3064
3059
3058
3046
3044
3043
3033
3024
3015
3013
3010
3009
3005
3004
2999
2999
2996
2996
2995
2993
2985
2984
2984
2983
2982
2982
2976
2971
2971
2964
2957
2956
2956
2947
2943
2937
2928
2927
2926
2926
2924
2922
2922
2919
2914
2911
2910
2905
2904
2904
2903
2899
2892
2889
2884
2882
2882
2882
2881
2881
2878
2877
2876
2876
2871
2871
2869
2860
2860
2859
2858
2855
2848
2847
2846
2844
2841
2836
2834
2833
2830
2829
2829
2828
2825
2823
2822
2822
2820
2819
2815
2814
2811
2806
2806
2804
2804
2799
2796
2795
2795
2794
2793
2791
2790
2787
2784
2783
2781
2765
2762
2751
2750
2745
2744
2742
2736
2735
2733
2732
2729
2725
2717
2715
2709
2709
2708
2706
2703
2698
2697
2694
2689
2688
2688
2688
2686
2677
2671
2670
2670
2668
2668
2667
2665
2663
2647
2646
2641
2639
2637
2636
2635
2618
2618
2614
2612
2611
2605
2604
2603
2603
2591
2588
2586
2584
2583
2577
2577
2576
2575
2575
2574
2571
2561
2560
2557
2556
2556
2549
2547
2546
2541
2536
2529
2529
2529
2524
2521
2520
2520
2517
2516
2511
2511
2510
2508
2505
2504
2502
2500
2494
2491
2487
2482
2479
2473
2470
2463
2463
2454
2451
2447
2446
2442
2439
2438
2438
2438
2435
2434
2434
2432
2431
2429
2428
2425
2425
2425
2421
2421
2419
2417
2413
2412
2409
2400
2394
2393
2392
2390
2390
2389
2385
2385
2385
2384
2384
2383
2382
2381
2381
2379
2379
2375
2372
2370
2369
2366
2363
2360
2357
2356
2355
2354
2354
2353
2352
2344
2344
2342
2342
2340
2335
2334
2333
2330
2328
2328
2326
2325
2322
2318
2318
2317
2315
2314
2311
2309
2308
2307
2303
2302
2296
2295
2293
2291
2289
2287
2286
2284
2283
2282
2276
2273
2270
2269
2269
2266
2264
2259
2259
2253
2253
2248
2247
2246
2237
2234
2232
2232
2228
2227
2223
2223
2221
2221
2220
2220
2217
2216
2216
2210
2209
2207
2206
2205
2202
2201
2201
2200
2198
2198
2197
2196
2193
2192
2190
2189
2189
2187
2185
2183
2178
2177
2176
2173
2167
2166
2165
2162
2161
2161
2157
2154
2147
2145
2141
2139
2138
2132
2129
2127
2126
2124
2124
2119
2117
2115
2114
2113
2113
2113
2112
2112
2109
2108
2107
2105
2105
2103
2102
2102
2096
2096
2094
2094
2092
2090
2089
2088
2088
2087
2087
2086
2084
2081
2081
2079
2079
2078
2076
2074
2069
2069
2068
2066
2065
2064
2063
2063
2062
2060
2060
2060
2059
2050
2046
2044
2043
2035
2033
2033
2030
2027
2021
2020
2017
2014
2010
2009
2008
2006
2006
2005
2005
1998
1998
1998
1998
1995
1994
1994
1993
1990
1990
1988
1987
1986
1986
1980
1978
1976
1976
1975
1974
1974
1970
1966
1966
1966
1964
1963
1962
1962
1962
1961
1961
1961
1961
1957
1956
1956
1948
1947
1947
1947
1946
1945
1944
1944
1944
1943
1939
1936
1936
1936
1935
1933
1933
1931
1929
1928
1928
1927
1926
1926
1924
1923
1920
1920
1917
1917
1916
1916
1907
1906
1905
1904
1903
1903
1903
1902
1901
1901
1900
1900
1899
1895
1895
1893
1892
1891
1890
1890
1888
1882
1872
1872
1871
1870
1870
1869
1869
1869
1868
1866
1866
1865
1863
1863
1858
1856
1854
1851
1849
1849
1848
1843
1843
1843
1843
1842
1841
1841
1832
1832
1831
1830
1830
1829
1829
1826
1819
1818
1818
1813
1813
1810
1808
1806
1806
1803
1802
1802
1801
1800
1800
1798
1797
1793
1792
1787
1786
1785
1785
1780
1776
1776
1775
1775
1775
1774
1772
1770
1769
1766
1762
1761
1758
1756
1754
1751
1749
1749
1747
1747
1747
1743
1741
1739
1738
1737
1737
1734
1734
1733
1732
1731
1730
1729
1728
1724
1724
1720
1719
1719
1717
1717
1716
1716
1715
1714
1714
1713
1712
1711
1710
1710
1709
1708
1707
1706
1704
1703
1703
1696
1690
1690
1687
1685
1683
1683
1683
1680
1679
1678
1678
1675
1667
1666
1664
1663
1662
1657
1657
1655
1653
1652
1650
1645
1644
1643
1643
1641
1638
1637
1637
1637
1636
1630
1629
1625
1625
1623
1622
1619
1614
1611
1610
1610
1608
1597
1595
1594
1586
1586
1586
1585
1585
1581
1581
1577
1577
1576
1575
1573
1571
1567
1566
1562
1560
1560
1560
1558
1556
1556
1555
1555
1553
1552
1550
1550
1549
1546
1544
1543
1543
1543
1541
1540
1538
1534
1533
1533
1532
1531
1529
1529
1527
1525
1525
1525
1525
1521
1521
1520
1519
1518
1518
1516
1510
1509
1508
1504
1504
1502
1495
1494
1493
1492
1492
1492
1490
1490
1490
1489
1489
1488
1487
1487
1485
1484
1483
1482
1478
1477
1476
1475
1473
1471
1468
1468
1467
1466
1464
1463
1462
1461
1461
1459
1458
1457
1456
1454
1453
1452
1452
1451
1451
1450
1448
1446
1446
1446
1445
1443
1441
1440
1437
1436
1435
1432
1432
1432
1430
1429
1429
1425
1425
1425
1424
1424
1424
1423
1422
1421
1421
1419
1416
1416
1416
1415
1412
1412
1411
1410
1408
1408
1407
1407
1406
1406
1404
1402
1401
1399
1395
1395
1394
1393
1392
1392
1391
1391
1391
1386
1386
1385
1384
1384
1383
1382
1381
1381
1381
1380
1380
1379
1378
1377
1377
1377
1377
1376
1375
1374
1374
1374
1373
1373
1371
1369
1369
1368
1368
1368
1367
1366
1361
1361
1360
1360
1360
1360
1358
1356
1356
1356
1355
1355
1353
1352
1351
1347
1347
1346
1344
1343
1343
1341
1340
1340
1340
1339
1339
1337
1337
1336
1334
1334
1333
1333
1333
1332
1332
1330
1330
1330
1328
1327
1326
1326
1326
1325
1323
1323
1322
1322
1322
1322
1320
1319
1316
1315
1315
1315
1315
1312
1311
1311
1310
1310
1310
1309
1308
1307
1307
1306
1304
1304
1304
1304
1304
1304
1303
1303
1302
1301
1301
1301
1299
1299
1299
1298
1297
1297
1297
1297
1296
1295
1295
1294
1294
1294
1293
1292
1291
1291
1291
1290
1289
1287
1286
1286
1285
1284
1284
1283
1283
1283
1282
1281
1280
1280
1279
1278
1278
1278
1278
1277
1277
1277
1276
1275
1275
1275
1274
1274
1273
1272
1272
1271
1271
1271
1271
1271
1270
1270
1270
1269
1268
1268
1268
1268
1268
1267
1267
1266
1265
1264
1264
1264
1263
1263
1263
1263
1262
1262
1262
1261
1261
1261
1260
1260
1260
1260
1259
1259
1258
1258
1258
1258
1257
1256
1255
1253
1253
1252
1252
1252
1251
1251
1251
1251
1250
1249
1248
1247
1247
1246
1246
1245
1244
1243
1243
1242
1242
1241
1241
1241
1240
1240
1240
1239
1238
1238
1238
1238
1238
1237
1237
1236
1235
1235
1234
1234
1234
1233
1233
1232
1231
1231
1231
1231
1230
1229
1229
1228
1227
1227
1227
1227
1226
1226
1226
1225
1225
1225
1225
1225
1225
1225
1224
1224
1224
1224
1223
1223
1223
1223
1222
1222
1222
1221
1221
1220
1220
1220
1219
1219
1219
1218
1218
1218
1218
1215
1214
1214
1213
1212
1212
1212
1211
1211
1211
1210
1209
1209
1209
1208
1208
1208
1208
1208
1207
1206
1206
1205
1205
1205
1205
1204
1204
1203
1203
1203
1202
1202
1202
1201
1201
1200
1200
1200
1199
1199
1199
1198
1198
1197
1197
1196
1195
1195
1195
1195
1195
1195
1194
1194
1193
1193
1193
1193
1192
1192
1192
1191
1191
1190
1190
1190
1189
1189
1189
1189
1189
1189
1188
1187
1186
1186
1186
1186
1186
1186
1185
1185
1185
1185
1185
1185
1185
1184
1184
1184
1184
1183
1182
1182
1182
1181
1181
1181
1181
1181
1179
1179
1179
1178
1178
1178
1178
1178
1178
1177
1176
1175
1175
1175
1175
1175
1174
1174
1174
1173
1173
1173
1173
1171
1171
1171
1171
1171
1170
1170
1169
1169
1168
1168
1167
1167
1167
1166
1166
1166
1166
1165
1165
1165
1164
1163
1163
1163
1163
1163
1163
1163
1162
1162
1162
1161
1161
1161
1161
1161
1160
1160
1160
1160
1159
1159
1159
1159
1159
1158
1158
1158
1157
1157
1157
1157
1156
1156
1156
1155
1155
1155
1155
1154
1154
1154
1154
1153
1153
1153
1152
1152
1152
1152
1151
1151
1150
1150
1148
1148
1148
1148
1148
1148
1148
1147
1147
1147
1146
1146
1146
1145
1144
1144
1144
1144
1144
1144
1143
1143
1142
1142
1142
1142
1141
1141
1140
1140
1140
1140
1140
1139
1139
1139
1139
1139
1139
1139
1138
1138
1137
1137
1136
1136
1136
1136
1136
1136
1136
1135
1135
1135
1135
1134
1134
1134
1134
1134
1133
1133
1133
1132
1132
1132
1132
1131
1131
1131
1131
1130
1130
1130
1130
1130
1129
1129
1129
1129
1127
1127
1127
1126
1126
1126
1126
1126
1126
1125
1125
1124
1124
1123
1123
1123
1123
1123
1122
1122
1122
1121
1121
1121
1120
1120
1120
1119
1119
1118
1118
1118
1118
1117
1117
1117
1117
1117
1117
1116
1116
1116
1116
1116
1116
1115
1115
1115
1114
1114
1114
1114
1114
1114
1112
1112
1112
1112
1111
1110
1110
1110
1110
1109
1109
1109
1109
1108
1108
1107
1107
1107
1107
1106
1106
1105
1105
1105
1105
1105
1105
1104
1103
1103
1103
1102
1102
1102
1101
1101
1101
1101
1100
1100
1099
1099
1098
1098
1098
1097
1097
1097
1096
1096
1095
1094
1094
1093
1092
1092
1091
1091
1090
1090
1090
1090
1090
1089
1089
1089
1088
1088
1088
1088
1087
1087
1087
1087
1086
1086
1086
1086
1084
1084
1084
1084
1084
1083
1083
1083
1083
1082
1082
1081
1081
1081
1080
1080
1080
1079
1079
1079
1078
1078
1078
1078
1078
1078
1077
1077
1076
1076
1076
1076
1075
1075
1075
1075
1074
1074
1074
1074
1074
1074
1073
1073
1072
1072
1071
1071
1071
1070
1070
1070
1069
1069
1068
1068
1067
1067
1067
1067
1066
1066
1065
1065
1064
1064
1064
1063
1063
1063
1063
1063
1063
1063
1063
1062
1062
1062
1062
1062
1062
1061
1060
1060
1060
1060
1060
1059
1059
1059
1059
1058
1058
1058
1058
1058
1057
1057
1056
1056
1056
1056
1056
1055
1055
1055
1055
1055
1055
1054
1054
1054
1054
1053
1053
1053
1053
1053
1053
1052
1052
1052
1051
1051
1051
1051
1051
1050
1050
1049
1049
1049
1049
1049
1048
1048
1048
1048
1048
1048
1047
1047
1047
1047
1047
1046
1046
1045
1045
1045
1045
1045
1044
1044
1044
1044
1043
1043
1042
1042
1042
1042
1042
1042
1042
1041
1041
1041
1040
1040
1040
1040
1040
1039
1039
1039
1039
1038
1038
1038
1038
1038
1037
1037
1037
1037
1036
1036
1035
1035
1035
1035
1035
1033
1033
1033
1033
1033
1032
1032
1032
1032
1031
1031
1031
1031
1030
1030
1030
1029
1029
1029
1029
1029
1029
1029
1029
1029
1028
1028
1028
1027
1027
1027
1027
1027
1026
1026
1025
1025
1025
1025
1023
1023
1023
1022
1022
1022
1022
1022
1021
1021
1021
1020
1020
1020
1020
1019
1019
1019
1019
1019
1018
1018
1018
1018
1017
1016
1016
1016
1015
1015
1014
1014
1014
1014
1014
1014
1013
1013
1013
1013
1012
1012
1012
1012
1012
1011
1011
1011
1011
1010
1010
1010
1010
1010
1009
1008
1008
1008
1007
1007
1006
1006
1006
1005
1005
1005
1005
1005
1005
1004
1004
1004
1004
1003
1003
1002
1002
1002
1001
1001
1001
1001
1001
1001
995
988
985
980
979
974
964
955
954
946
914
908
906
897
890
886
884
883
863
848
843
817
810
807
804
798
796
790
787
773
769
769
769
766
760
760
759
758
755
754
753
749
743
738
735
734
730
727
724
724
724
723
720
719
716
716
714
714
713
712
712
704
702
691
653
630
611
574
567
564
544
530
511
461
451
380
361
338
294
201
176
